10001100000000000000000000000000
10001100001000010000000000000001
10001100010000100000000000000010
00110000001010110101000000100100
00100000000000110000100111010110
00000000010000010101000000100100
00110000001010110101000000100100
10001100000000000000000000000000
10001100001000010000000000000001
10001100010000100000000000000010
00110000001010110101000000100100
00100000000000110000100111010110
00000000010000010101000000100100
00110000001010110101000000100100
10001100000000000000000000000000
10001100001000010000000000000001
10001100010000100000000000000010
00110000001010110101000000100100
00100000000000110000100111010110
00000000010000010101000000100100
00110000001010110101000000100100
10001100000000000000000000000000
10001100001000010000000000000001
10001100010000100000000000000010
00110000001010110101000000100100
00100000000000110000100111010110
00000000010000010101000000100100
00110000001010110101000000100100
10001100000000000000000000000000
10001100001000010000000000000001
10001100010000100000000000000010
00110000001010110101000000100100
00100000000000110000100111010110
00000000010000010101000000100100
00110000001010110101000000100100
10001100000000000000000000000000
10001100001000010000000000000001
10001100010000100000000000000010
00110000001010110101000000100100
00100000000000110000100111010110
00000000010000010101000000100100
00110000001010110101000000100100
10001100000000000000000000000000
10001100001000010000000000000001
10001100010000100000000000000010
00110000001010110101000000100100
00100000000000110000100111010110
00000000010000010101000000100100
00110000001010110101000000100100
10001100000000000000000000000000
10001100001000010000000000000001
10001100010000100000000000000010
00110000001010110101000000100100
00100000000000110000100111010110
00000000010000010101000000100100
00110000001010110101000000100100
10001100000000000000000000000000
10001100001000010000000000000001
10001100010000100000000000000010
00110000001010110101000000100100
00100000000000110000100111010110
00000000010000010101000000100100
00110000001010110101000000100100
10001100000000000000000000000000
10001100001000010000000000000001
10001100010000100000000000000010
00110000001010110101000000100100
00100000000000110000100111010110
00000000010000010101000000100100
00110000001010110101000000100100
10001100000000000000000000000000
10001100001000010000000000000001
10001100010000100000000000000010
00110000001010110101000000100100
00100000000000110000100111010110
00000000010000010101000000100100
00110000001010110101000000100100
10001100000000000000000000000000
10001100001000010000000000000001
10001100010000100000000000000010
00110000001010110101000000100100
00100000000000110000100111010110
00000000010000010101000000100100
00110000001010110101000000100100
10001100000000000000000000000000
10001100001000010000000000000001
10001100010000100000000000000010
00110000001010110101000000100100
00100000000000110000100111010110
00000000010000010101000000100100
00110000001010110101000000100100
10001100000000000000000000000000
10001100001000010000000000000001
10001100010000100000000000000010
00110000001010110101000000100100
00100000000000110000100111010110
00000000010000010101000000100100
00110000001010110101000000100100
10001100000000000000000000000000
10001100001000010000000000000001
10001100010000100000000000000010
00110000001010110101000000100100
00100000000000110000100111010110
00000000010000010101000000100100
00110000001010110101000000100100
10001100000000000000000000000000
10001100001000010000000000000001
10001100010000100000000000000010
00110000001010110101000000100100
00100000000000110000100111010110
00000000010000010101000000100100
00110000001010110101000000100100
10001100000000000000000000000000
10001100001000010000000000000001
10001100010000100000000000000010
00110000001010110101000000100100
00100000000000110000100111010110
00000000010000010101000000100100
00110000001010110101000000100100
10001100001000010000000000000001
10001100010000100000000000000010
00110000001010110101000000100100
00100000000000110000100111010110
00000000010000010101000000100100
00110000001010110101000000100100
10001100000000000000000000000000
10001100001000010000000000000001
10001100010000100000000000000010